==========================================================================================================
 REPORTE COMPARATIVO 30 REPETICIONES: Heurística vs Búsqueda Local (LS) vs Búsqueda Local Iterada (ILS)
==========================================================================================================
Archivo                            | Costo H | T. H(s) | Costo LS| T. LS(s)| Costo ILS| T. ILS(s)| Gap H-I%
----------------------------------------------------------------------------------------------------------
uf175-07.cnf                       | 14.00   | 0.0003  | 8.00    | 0.0014  | 5.33     | 0.0397   | 61.9 %
uf175-016.cnf                      | 20.00   | 0.0003  | 13.00   | 0.0018  | 8.50     | 0.0428   | 57.5 %
uf175-011.cnf                      | 20.00   | 0.0003  | 9.00    | 0.0021  | 6.60     | 0.0435   | 67.0 %
uf175-01.cnf                       | 25.00   | 0.0003  | 15.00   | 0.0026  | 8.43     | 0.0430   | 66.3 %
uf175-015.cnf                      | 27.00   | 0.0003  | 17.00   | 0.0023  | 7.23     | 0.0431   | 73.2 %
uf175-08.cnf                       | 19.00   | 0.0003  | 13.00   | 0.0018  | 6.73     | 0.0439   | 64.6 %
uf175-017.cnf                      | 20.00   | 0.0003  | 12.00   | 0.0021  | 8.87     | 0.0454   | 55.7 %
uf175-05.cnf                       | 25.00   | 0.0003  | 18.00   | 0.0017  | 9.57     | 0.0483   | 61.7 %
uf175-018.cnf                      | 19.00   | 0.0003  | 8.00    | 0.0028  | 5.90     | 0.0435   | 68.9 %
uf175-06.cnf                       | 24.00   | 0.0003  | 15.00   | 0.0021  | 8.47     | 0.0467   | 64.7 %
uf175-020.cnf                      | 23.00   | 0.0003  | 15.00   | 0.0021  | 8.73     | 0.0478   | 62.0 %
uf175-019.cnf                      | 22.00   | 0.0003  | 20.00   | 0.0010  | 9.10     | 0.0497   | 58.6 %
uf175-03.cnf                       | 30.00   | 0.0003  | 15.00   | 0.0036  | 7.00     | 0.0488   | 76.7 %
uf175-010.cnf                      | 24.00   | 0.0003  | 16.00   | 0.0023  | 9.40     | 0.0509   | 60.8 %
uf175-09.cnf                       | 21.00   | 0.0003  | 16.00   | 0.0017  | 9.70     | 0.0608   | 53.8 %
uf175-02.cnf                       | 24.00   | 0.0005  | 13.00   | 0.0021  | 8.63     | 0.0610   | 64.0 %
uf175-014.cnf                      | 21.00   | 0.0003  | 15.00   | 0.0021  | 9.97     | 0.0626   | 52.5 %
uf175-012.cnf                      | 20.00   | 0.0003  | 10.00   | 0.0035  | 8.03     | 0.0618   | 59.8 %
uf175-013.cnf                      | 24.00   | 0.0003  | 15.00   | 0.0032  | 6.80     | 0.0603   | 71.7 %
uf175-04.cnf                       | 23.00   | 0.0003  | 13.00   | 0.0043  | 7.40     | 0.0620   | 67.8 %
uf175-021.cnf                      | 26.00   | 0.0003  | 12.00   | 0.0035  | 8.07     | 0.0497   | 69.0 %
uf175-022.cnf                      | 20.00   | 0.0003  | 13.00   | 0.0018  | 7.70     | 0.0448   | 61.5 %
uf175-023.cnf                      | 26.00   | 0.0003  | 15.00   | 0.0034  | 8.23     | 0.0464   | 68.3 %
uf175-025.cnf                      | 21.00   | 0.0003  | 18.00   | 0.0010  | 7.73     | 0.0488   | 63.2 %
uf175-027.cnf                      | 24.00   | 0.0003  | 11.00   | 0.0032  | 7.37     | 0.0466   | 69.3 %
uf175-028.cnf                      | 23.00   | 0.0003  | 9.00    | 0.0029  | 4.90     | 0.0450   | 78.7 %
uf175-024.cnf                      | 30.00   | 0.0003  | 19.00   | 0.0039  | 9.43     | 0.0494   | 68.6 %
uf175-029.cnf                      | 26.00   | 0.0003  | 16.00   | 0.0029  | 7.33     | 0.0474   | 71.8 %
uf175-031.cnf                      | 21.00   | 0.0003  | 17.00   | 0.0011  | 8.07     | 0.0496   | 61.6 %
uf175-033.cnf                      | 25.00   | 0.0003  | 16.00   | 0.0027  | 8.53     | 0.0467   | 65.9 %
uf175-026.cnf                      | 23.00   | 0.0003  | 12.00   | 0.0028  | 6.70     | 0.0501   | 70.9 %
uf175-030.cnf                      | 27.00   | 0.0003  | 21.00   | 0.0026  | 10.70    | 0.0514   | 60.4 %
uf175-034.cnf                      | 31.00   | 0.0003  | 17.00   | 0.0038  | 8.30     | 0.0500   | 73.2 %
uf175-032.cnf                      | 27.00   | 0.0003  | 15.00   | 0.0040  | 8.20     | 0.0537   | 69.6 %
uf175-035.cnf                      | 21.00   | 0.0003  | 7.00    | 0.0036  | 3.53     | 0.0463   | 83.2 %
uf175-037.cnf                      | 23.00   | 0.0003  | 15.00   | 0.0025  | 7.73     | 0.0533   | 66.4 %
uf175-036.cnf                      | 25.00   | 0.0003  | 16.00   | 0.0025  | 8.37     | 0.0594   | 66.5 %
uf175-039.cnf                      | 26.00   | 0.0003  | 19.00   | 0.0024  | 9.40     | 0.0587   | 63.8 %
uf175-038.cnf                      | 26.00   | 0.0003  | 17.00   | 0.0039  | 9.03     | 0.0575   | 65.3 %
uf175-040.cnf                      | 30.00   | 0.0003  | 17.00   | 0.0041  | 8.87     | 0.0568   | 70.4 %
uf175-042.cnf                      | 20.00   | 0.0003  | 12.00   | 0.0021  | 7.40     | 0.0484   | 63.0 %
uf175-041.cnf                      | 24.00   | 0.0003  | 12.00   | 0.0030  | 5.90     | 0.0475   | 75.4 %
uf175-045.cnf                      | 21.00   | 0.0003  | 13.00   | 0.0022  | 7.47     | 0.0450   | 64.4 %
uf175-043.cnf                      | 24.00   | 0.0003  | 15.00   | 0.0030  | 8.07     | 0.0471   | 66.4 %
uf175-048.cnf                      | 20.00   | 0.0003  | 10.00   | 0.0029  | 6.93     | 0.0455   | 65.3 %
uf175-047.cnf                      | 24.00   | 0.0003  | 15.00   | 0.0026  | 7.57     | 0.0488   | 68.5 %
uf175-046.cnf                      | 22.00   | 0.0003  | 16.00   | 0.0021  | 8.30     | 0.0512   | 62.3 %
uf175-049.cnf                      | 19.00   | 0.0003  | 14.00   | 0.0013  | 7.50     | 0.0479   | 60.5 %
uf175-052.cnf                      | 19.00   | 0.0003  | 12.00   | 0.0020  | 7.90     | 0.0475   | 58.4 %
uf175-044.cnf                      | 30.00   | 0.0003  | 14.00   | 0.0039  | 9.00     | 0.0530   | 70.0 %
uf175-050.cnf                      | 27.00   | 0.0003  | 16.00   | 0.0033  | 9.20     | 0.0528   | 65.9 %
uf175-051.cnf                      | 22.00   | 0.0003  | 13.00   | 0.0030  | 8.30     | 0.0510   | 62.3 %
uf175-053.cnf                      | 23.00   | 0.0003  | 16.00   | 0.0024  | 10.20    | 0.0511   | 55.7 %
uf175-054.cnf                      | 27.00   | 0.0003  | 22.00   | 0.0021  | 8.83     | 0.0557   | 67.3 %
uf175-057.cnf                      | 22.00   | 0.0003  | 14.00   | 0.0024  | 7.00     | 0.0507   | 68.2 %
uf175-055.cnf                      | 30.00   | 0.0003  | 14.00   | 0.0049  | 7.57     | 0.0610   | 74.8 %
uf175-056.cnf                      | 24.00   | 0.0003  | 14.00   | 0.0034  | 7.60     | 0.0576   | 68.3 %
uf175-060.cnf                      | 22.00   | 0.0003  | 14.00   | 0.0027  | 6.47     | 0.0519   | 70.6 %
uf175-058.cnf                      | 23.00   | 0.0003  | 15.00   | 0.0022  | 8.13     | 0.0576   | 64.6 %
uf175-059.cnf                      | 26.00   | 0.0003  | 19.00   | 0.0023  | 9.20     | 0.0621   | 64.6 %
uf175-061.cnf                      | 26.00   | 0.0003  | 15.00   | 0.0022  | 6.33     | 0.0430   | 75.6 %
uf175-062.cnf                      | 29.00   | 0.0003  | 11.00   | 0.0051  | 7.87     | 0.0489   | 72.9 %
uf175-068.cnf                      | 19.00   | 0.0003  | 14.00   | 0.0012  | 7.30     | 0.0454   | 61.6 %
uf175-063.cnf                      | 27.00   | 0.0003  | 13.00   | 0.0038  | 8.77     | 0.0516   | 67.5 %
uf175-069.cnf                      | 20.00   | 0.0003  | 11.00   | 0.0027  | 6.17     | 0.0444   | 69.2 %
uf175-066.cnf                      | 20.00   | 0.0003  | 13.00   | 0.0023  | 8.37     | 0.0503   | 58.2 %
uf175-064.cnf                      | 30.00   | 0.0003  | 18.00   | 0.0025  | 10.27    | 0.0535   | 65.8 %
uf175-067.cnf                      | 31.00   | 0.0003  | 16.00   | 0.0030  | 7.43     | 0.0484   | 76.0 %
uf175-071.cnf                      | 21.00   | 0.0003  | 8.00    | 0.0027  | 6.43     | 0.0447   | 69.4 %
uf175-070.cnf                      | 22.00   | 0.0003  | 15.00   | 0.0023  | 7.07     | 0.0491   | 67.9 %
uf175-065.cnf                      | 33.00   | 0.0003  | 16.00   | 0.0048  | 9.83     | 0.0543   | 70.2 %
uf175-073.cnf                      | 24.00   | 0.0003  | 16.00   | 0.0019  | 10.50    | 0.0494   | 56.2 %
uf175-072.cnf                      | 21.00   | 0.0003  | 11.00   | 0.0029  | 7.10     | 0.0494   | 66.2 %
uf175-074.cnf                      | 22.00   | 0.0003  | 17.00   | 0.0018  | 8.60     | 0.0512   | 60.9 %
uf175-075.cnf                      | 28.00   | 0.0003  | 22.00   | 0.0025  | 9.70     | 0.0553   | 65.4 %
uf175-081.cnf                      | 22.00   | 0.0003  | 11.00   | 0.0026  | 6.13     | 0.0456   | 72.1 %
uf175-078.cnf                      | 23.00   | 0.0003  | 13.00   | 0.0029  | 7.20     | 0.0519   | 68.7 %
uf175-077.cnf                      | 21.00   | 0.0003  | 14.00   | 0.0022  | 7.43     | 0.0539   | 64.6 %
uf175-079.cnf                      | 22.00   | 0.0003  | 15.00   | 0.0018  | 7.30     | 0.0510   | 66.8 %
uf175-076.cnf                      | 33.00   | 0.0003  | 22.00   | 0.0044  | 12.37    | 0.0626   | 62.5 %
uf175-080.cnf                      | 25.00   | 0.0003  | 16.00   | 0.0028  | 6.70     | 0.0546   | 73.2 %
uf175-082.cnf                      | 27.00   | 0.0003  | 14.00   | 0.0032  | 6.87     | 0.0488   | 74.6 %
uf175-090.cnf                      | 17.00   | 0.0003  | 6.00    | 0.0027  | 3.53     | 0.0382   | 79.2 %
uf175-085.cnf                      | 26.00   | 0.0003  | 15.00   | 0.0029  | 9.47     | 0.0475   | 63.6 %
uf175-089.cnf                      | 25.00   | 0.0003  | 18.00   | 0.0023  | 8.20     | 0.0463   | 67.2 %
uf175-083.cnf                      | 32.00   | 0.0003  | 14.00   | 0.0040  | 7.67     | 0.0482   | 76.0 %
uf175-084.cnf                      | 29.00   | 0.0003  | 15.00   | 0.0036  | 7.83     | 0.0498   | 73.0 %
uf175-086.cnf                      | 29.00   | 0.0003  | 15.00   | 0.0035  | 9.23     | 0.0480   | 68.2 %
uf175-088.cnf                      | 31.00   | 0.0003  | 18.00   | 0.0037  | 7.57     | 0.0481   | 75.6 %
uf175-087.cnf                      | 34.00   | 0.0003  | 17.00   | 0.0040  | 9.60     | 0.0494   | 71.8 %
uf175-091.cnf                      | 26.00   | 0.0003  | 16.00   | 0.0030  | 6.23     | 0.0454   | 76.0 %
uf175-092.cnf                      | 29.00   | 0.0003  | 15.00   | 0.0029  | 6.60     | 0.0412   | 77.2 %
uf175-093.cnf                      | 23.00   | 0.0003  | 13.00   | 0.0021  | 9.20     | 0.0433   | 60.0 %
uf175-094.cnf                      | 25.00   | 0.0003  | 16.00   | 0.0025  | 9.90     | 0.0380   | 60.4 %
uf175-097.cnf                      | 20.00   | 0.0002  | 10.00   | 0.0009  | 5.97     | 0.0141   | 70.2 %
uf175-095.cnf                      | 29.00   | 0.0003  | 16.00   | 0.0013  | 7.03     | 0.0172   | 75.7 %
uf175-099.cnf                      | 25.00   | 0.0002  | 12.00   | 0.0009  | 6.57     | 0.0135   | 73.7 %
uf175-098.cnf                      | 25.00   | 0.0002  | 16.00   | 0.0009  | 10.10    | 0.0159   | 59.6 %
uf175-096.cnf                      | 32.00   | 0.0002  | 16.00   | 0.0015  | 10.07    | 0.0173   | 68.5 %
uf175-0100.cnf                     | 24.00   | 0.0002  | 18.00   | 0.0005  | 8.73     | 0.0107   | 63.6 %
==========================================================================================================